% Model:              P1_2_Durchflussmessung_3D_o_Strömung_Albertin_Schegg.mph
% Version:            COMSOL 6.2.0.290
% Date:               Dec 8 2024, 23:47
% Table:              Accumulated Probe Table 2 - 
% Material Switch 1 index                         v_Wasser (m/s)                                    Temperature (degC), Sensor_1_Aluminium            Temperature (degC), Sensor_2_Aluminium            Temperature (degC), Sensor_1_Glas                 Temperature (degC), Sensor_2_Glas
1                                                 0.1                                               20.28670972793009                                 21.215854120522383                                20.28670972793009                                 21.215854120522383
1                                                 0.11                                              20.258428804556896                                21.127002442184455                                20.258428804556896                                21.127002442184455
1                                                 0.12000000000000001                               20.234939056206198                                21.05364454927055                                 20.234939056206198                                21.05364454927055
1                                                 0.13                                              20.214891076294098                                20.99053005533213                                 20.214891076294098                                20.99053005533213
1                                                 0.14                                              20.197586865374223                                20.935178881219812                                20.197586865374223                                20.935178881219812
1                                                 0.15000000000000002                               20.182510037000316                                20.88619960427271                                 20.182510037000316                                20.88619960427271
1                                                 0.16                                              20.16925279841028                                 20.842582187183936                                20.16925279841028                                 20.842582187183936
1                                                 0.17                                              20.157515870350213                                20.803504982554937                                20.157515870350213                                20.803504982554937
1                                                 0.18                                              20.14705126363395                                 20.76826339029374                                 20.14705126363395                                 20.76826339029374
1                                                 0.19                                              20.137666668461893                                20.73631889201269                                 20.137666668461893                                20.73631889201269
1                                                 0.2                                               20.129208254492283                                20.70724134248417                                 20.129208254492283                                20.70724134248417
1                                                 0.21000000000000002                               20.12155203651953                                 20.680633506661234                                20.12155203651953                                 20.680633506661234
1                                                 0.22                                              20.11459274889264                                 20.65619511364458                                 20.11459274889264                                 20.65619511364458
1                                                 0.23                                              20.1082349511211                                  20.633680651478915                                20.1082349511211                                  20.633680651478915
1                                                 0.24000000000000002                               20.102415970422225                                20.612867753587544                                20.102415970422225                                20.612867753587544
1                                                 0.25                                              20.097066864456988                                20.593569258480038                                20.097066864456988                                20.593569258480038
1                                                 0.26                                              20.092137546702627                                20.57562318005731                                 20.092137546702627                                20.57562318005731
1                                                 0.27                                              20.087584451539264                                20.558896403880592                                20.087584451539264                                20.558896403880592
1                                                 0.28                                              20.083365051535075                                20.543262662373316                                20.083365051535075                                20.543262662373316
1                                                 0.29000000000000004                               20.079443587349278                                20.52861429702585                                 20.079443587349278                                20.52861429702585
1                                                 0.30000000000000004                               20.0757928386887                                  20.514860207544825                                20.0757928386887                                  20.514860207544825
1                                                 0.31                                              20.07238476215873                                 20.50191745891943                                 20.07238476215873                                 20.50191745891943
1                                                 0.32                                              20.06919674886386                                 20.489723008700064                                20.06919674886386                                 20.489723008700064
1                                                 0.33                                              20.066212376555928                                20.478216635881477                                20.066212376555928                                20.478216635881477
1                                                 0.33999999999999997                               20.06341046587429                                 20.467336140077926                                20.06341046587429                                 20.467336140077926
1                                                 0.35                                              20.060777411002658                                20.45702923579642                                 20.060777411002658                                20.45702923579642
1                                                 0.36                                              20.058299551794377                                20.447252792111364                                20.058299551794377                                20.447252792111364
1                                                 0.37                                              20.055964205833167                                20.43796719825483                                 20.055964205833167                                20.43796719825483
1                                                 0.38                                              20.053760329760248                                20.42913213957425                                 20.053760329760248                                20.42913213957425
1                                                 0.39                                              20.051677619314596                                20.420720625704917                                20.051677619314596                                20.420720625704917
1                                                 0.4                                               20.049707130772585                                20.41270032750571                                 20.049707130772585                                20.41270032750571
1                                                 0.41000000000000003                               20.04784096429075                                 20.40504302133627                                 20.04784096429075                                 20.40504302133627
1                                                 0.42000000000000004                               20.046071260755014                                20.397724254638508                                20.046071260755014                                20.397724254638508
1                                                 0.43000000000000005                               20.044390367185585                                20.390722991329838                                20.044390367185585                                20.390722991329838
1                                                 0.44000000000000006                               20.04279429090355                                 20.384021697992164                                20.04279429090355                                 20.384021697992164
1                                                 0.45000000000000007                               20.041276345993495                                20.377599058517657                                20.041276345993495                                20.377599058517657
1                                                 0.45999999999999996                               20.03983096206979                                 20.37143499677534                                 20.03983096206979                                 20.37143499677534
1                                                 0.47                                              20.038454125054106                                20.365515992310097                                20.038454125054106                                20.365515992310097
1                                                 0.48                                              20.03714187116057                                 20.359826817557387                                20.03714187116057                                 20.359826817557387
1                                                 0.49                                              20.035889645703737                                20.35435435975216                                 20.035889645703737                                20.35435435975216
1                                                 0.5                                               20.034694003563537                                20.34908596643047                                 20.034694003563537                                20.34908596643047
1                                                 0.51                                              20.03355181666372                                 20.344010910725007                                20.03355181666372                                 20.344010910725007
1                                                 0.52                                              20.032459355743978                                20.339118558533563                                20.032459355743978                                20.339118558533563
1                                                 0.53                                              20.031413715988414                                20.33439838220636                                 20.031413715988414                                20.33439838220636
1                                                 0.54                                              20.0304134461886                                  20.32984191634019                                 20.0304134461886                                  20.32984191634019
1                                                 0.55                                              20.029455208372664                                20.325440322012984                                20.029455208372664                                20.325440322012984
1                                                 0.56                                              20.02853631063696                                 20.321186420723535                                20.02853631063696                                 20.321186420723535
1                                                 0.5700000000000001                                20.027655303765588                                20.317073707999572                                20.027655303765588                                20.317073707999572
1                                                 0.58                                              20.026809931995317                                20.313094055493806                                20.026809931995317                                20.313094055493806
1                                                 0.59                                              20.02599826001581                                 20.30924045602601                                 20.02599826001581                                 20.30924045602601
1                                                 0.6                                               20.025219238431408                                20.305508423946666                                20.025219238431408                                20.305508423946666
1                                                 0.61                                              20.024470609444936                                20.30189171640388                                 20.024470609444936                                20.30189171640388
1                                                 0.62                                              20.023750596779866                                20.298384448890946                                20.023750596779866                                20.298384448890946
1                                                 0.63                                              20.023057677929497                                20.294981922135594                                20.023057677929497                                20.294981922135594
1                                                 0.64                                              20.022390811082488                                20.291679637095257                                20.022390811082488                                20.291679637095257
1                                                 0.65                                              20.021748794850637                                20.288473661776592                                20.021748794850637                                20.288473661776592
1                                                 0.66                                              20.02113059056509                                 20.285359886730706                                20.02113059056509                                 20.285359886730706
1                                                 0.67                                              20.020535416026224                                20.282334142463785                                20.020535416026224                                20.282334142463785
1                                                 0.6799999999999999                                20.019962358647042                                20.279392347191887                                20.019962358647042                                20.279392347191887
1                                                 0.69                                              20.019410085613114                                20.27653127858051                                 20.019410085613114                                20.27653127858051
1                                                 0.7                                               20.01887761114788                                 20.27374709009896                                 20.01887761114788                                 20.27374709009896
1                                                 0.71                                              20.018364039394648                                20.271036570168146                                20.018364039394648                                20.271036570168146
1                                                 0.72                                              20.017868416956766                                20.268397055692468                                20.017868416956766                                20.268397055692468
1                                                 0.73                                              20.017389888808328                                20.265825824535312                                20.017389888808328                                20.265825824535312
1                                                 0.74                                              20.01692768630816                                 20.2633203090926                                  20.01692768630816                                 20.2633203090926
1                                                 0.75                                              20.0164816620592                                  20.260877702593245                                20.0164816620592                                  20.260877702593245
1                                                 0.76                                              20.016050622884237                                20.25849583408243                                 20.016050622884237                                20.25849583408243
1                                                 0.77                                              20.01563416306388                                 20.25617329618824                                 20.01563416306388                                 20.25617329618824
1                                                 0.78                                              20.015231514038554                                20.253907246433528                                20.015231514038554                                20.253907246433528
1                                                 0.79                                              20.01484214936252                                 20.251695596595045                                20.01484214936252                                 20.251695596595045
1                                                 0.8                                               20.014465529017873                                20.249536455714914                                20.014465529017873                                20.249536455714914
1                                                 0.8099999999999999                                20.01410107784043                                 20.247427691411243                                20.01410107784043                                 20.247427691411243
1                                                 0.82                                              20.013748347021192                                20.245367529971947                                20.013748347021192                                20.245367529971947
1                                                 0.83                                              20.013407086641724                                20.243354757881487                                20.013407086641724                                20.243354757881487
1                                                 0.84                                              20.013076542304095                                20.241387367597497                                20.013076542304095                                20.241387367597497
1                                                 0.85                                              20.012756333872787                                20.23946389689212                                 20.012756333872787                                20.23946389689212
1                                                 0.86                                              20.012446142640673                                20.23758284797664                                 20.012446142640673                                20.23758284797664
1                                                 0.87                                              20.01214552457837                                 20.235742870101646                                20.01214552457837                                 20.235742870101646
1                                                 0.88                                              20.01185405969733                                 20.23394256187384                                 20.01185405969733                                 20.23394256187384
1                                                 0.89                                              20.01157136045403                                 20.23218065596189                                 20.01157136045403                                 20.23218065596189
1                                                 0.9                                               20.011297063321305                                20.23045590830953                                 20.011297063321305                                20.23045590830953
1                                                 0.91                                              20.011030984048247                                20.228767128421033                                20.011030984048247                                20.228767128421033
1                                                 0.92                                              20.010772731987746                                20.22711328680616                                 20.010772731987746                                20.22711328680616
1                                                 0.93                                              20.010521941506333                                20.22549270875587                                 20.010521941506333                                20.22549270875587
1                                                 0.94                                              20.010278464573624                                20.22390456425509                                 20.010278464573624                                20.22390456425509
1                                                 0.95                                              20.010042071966915                                20.22234811518293                                 20.010042071966915                                20.22234811518293
1                                                 0.96                                              20.00981237672679                                 20.220822046190364                                20.00981237672679                                 20.220822046190364
1                                                 0.97                                              20.00958921594717                                 20.219325590664376                                20.00958921594717                                 20.219325590664376
1                                                 0.98                                              20.00937232391823                                 20.21785792593466                                 20.00937232391823                                 20.21785792593466
1                                                 0.99                                              20.00916156973713                                 20.21641820817679                                 20.00916156973713                                 20.21641820817679
1                                                 1                                                 20.008956677743956                                20.215005688069258                                20.008956677743956                                20.215005688069258
2                                                 0.1                                               20.00000000682978                                 21.728690991041752                                20.00000000682978                                 21.728690991041752
2                                                 0.11                                              20.000000004697924                                21.570482524625987                                20.000000004697924                                21.570482524625987
2                                                 0.12000000000000001                               20.00000000334165                                 21.44384686809258                                 20.00000000334165                                 21.44384686809258
2                                                 0.13                                              20.000000002446367                                21.344033711687135                                20.000000002446367                                21.344033711687135
2                                                 0.14                                              20.000000001836952                                21.26190904919822                                 20.000000001836952                                21.26190904919822
2                                                 0.15000000000000002                               20.00000000141202                                 21.19271184211472                                 20.00000000141202                                 21.19271184211472
2                                                 0.16                                              20.000000001108415                                21.13270100424686                                 20.000000001108415                                21.13270100424686
2                                                 0.17                                              20.000000000886057                                21.079563248750958                                20.000000000886057                                21.079563248750958
2                                                 0.18                                              20.00000000072003                                 21.0319962810398                                  20.00000000072003                                 21.0319962810398
2                                                 0.19                                              20.00000000059403                                 20.98912296981483                                 20.00000000059403                                 20.98912296981483
2                                                 0.2                                               20.000000000496403                                20.950295055612234                                20.000000000496403                                20.950295055612234
2                                                 0.21000000000000002                               20.000000000419682                                20.915024115181332                                20.000000000419682                                20.915024115181332
2                                                 0.22                                              20.000000000358654                                20.88286235937663                                 20.000000000358654                                20.88286235937663
2                                                 0.23                                              20.000000000309615                                20.85340872291146                                 20.000000000309615                                20.85340872291146
2                                                 0.24000000000000002                               20.000000000269463                                20.82635334504204                                 20.000000000269463                                20.82635334504204
2                                                 0.25                                              20.000000000236536                                20.801387671753243                                20.000000000236536                                20.801387671753243
2                                                 0.26                                              20.000000000209077                                20.77826697054271                                 20.000000000209077                                20.77826697054271
2                                                 0.27                                              20.000000000186045                                20.756790954979483                                20.000000000186045                                20.756790954979483
2                                                 0.28                                              20.00000000016646                                 20.736794469363623                                20.00000000016646                                 20.736794469363623
2                                                 0.29000000000000004                               20.00000000014987                                 20.71813961331597                                 20.00000000014987                                 20.71813961331597
2                                                 0.30000000000000004                               20.000000000135692                                20.7006721516909                                  20.000000000135692                                20.7006721516909
2                                                 0.31                                              20.00000000012333                                 20.684266636915                                   20.00000000012333                                 20.684266636915
2                                                 0.32                                              20.00000000011268                                 20.66882936696799                                 20.00000000011268                                 20.66882936696799
2                                                 0.33                                              20.000000000103253                                20.654267743473355                                20.000000000103253                                20.654267743473355
2                                                 0.33999999999999997                               20.000000000095                                   20.640504730712813                                20.000000000095                                   20.640504730712813
2                                                 0.35                                              20.000000000087834                                20.62748024080366                                 20.000000000087834                                20.62748024080366
2                                                 0.36                                              20.000000000081542                                20.61514343924095                                 20.000000000081542                                20.61514343924095
2                                                 0.37                                              20.000000000075875                                20.603431117868837                                20.000000000075875                                20.603431117868837
2                                                 0.38                                              20.000000000070763                                20.59229233551119                                 20.000000000070763                                20.59229233551119
2                                                 0.39                                              20.000000000066205                                20.581683929002477                                20.000000000066205                                20.581683929002477
2                                                 0.4                                               20.000000000062037                                20.571572042668656                                20.000000000062037                                20.571572042668656
2                                                 0.41000000000000003                               20.000000000058396                                20.561932614117296                                20.000000000058396                                20.561932614117296
2                                                 0.42000000000000004                               20.000000000054985                                20.55274672473709                                 20.000000000054985                                20.55274672473709
2                                                 0.43000000000000005                               20.000000000051827                                20.543975180705058                                20.000000000051827                                20.543975180705058
2                                                 0.44000000000000006                               20.000000000049024                                20.535593754103626                                20.000000000049024                                20.535593754103626
2                                                 0.45000000000000007                               20.000000000046388                                20.52757412698768                                 20.000000000046388                                20.52757412698768
2                                                 0.45999999999999996                               20.000000000043965                                20.519889700639254                                20.000000000043965                                20.519889700639254
2                                                 0.47                                              20.000000000041847                                20.512515556631783                                20.000000000041847                                20.512515556631783
2                                                 0.48                                              20.000000000039886                                20.50542782124115                                 20.000000000039886                                20.50542782124115
2                                                 0.49                                              20.000000000038003                                20.49860870277632                                 20.000000000038003                                20.49860870277632
2                                                 0.5                                               20.00000000003635                                 20.49204753637823                                 20.00000000003635                                 20.49204753637823
2                                                 0.51                                              20.000000000034795                                20.485726149392367                                20.000000000034795                                20.485726149392367
2                                                 0.52                                              20.000000000033282                                20.47963817765542                                 20.000000000033282                                20.47963817765542
2                                                 0.53                                              20.000000000031967                                20.473766156689646                                20.000000000031967                                20.473766156689646
2                                                 0.54                                              20.000000000030695                                20.46809635369704                                 20.000000000030695                                20.46809635369704
2                                                 0.55                                              20.000000000029523                                20.46262122623917                                 20.000000000029523                                20.46262122623917
2                                                 0.56                                              20.000000000028486                                20.45732937488932                                 20.000000000028486                                20.45732937488932
2                                                 0.5700000000000001                                20.00000000002745                                 20.45221423313795                                 20.00000000002745                                 20.45221423313795
2                                                 0.58                                              20.000000000026468                                20.447263966858863                                20.000000000026468                                20.447263966858863
2                                                 0.59                                              20.00000000002555                                 20.442466045069622                                20.00000000002555                                 20.442466045069622
2                                                 0.6                                               20.000000000024706                                20.437813133612153                                20.000000000024706                                20.437813133612153
2                                                 0.61                                              20.00000000002389                                 20.433297769771517                                20.00000000002389                                 20.433297769771517
2                                                 0.62                                              20.000000000023142                                20.428915065400734                                20.000000000023142                                20.428915065400734
2                                                 0.63                                              20.00000000002241                                 20.424659911108105                                20.00000000002241                                 20.424659911108105
2                                                 0.64                                              20.000000000021757                                20.420529076808904                                20.000000000021757                                20.420529076808904
2                                                 0.65                                              20.000000000021156                                20.41651598149183                                 20.000000000021156                                20.41651598149183
2                                                 0.66                                              20.00000000002053                                 20.412614954007655                                20.00000000002053                                 20.412614954007655
2                                                 0.67                                              20.000000000019945                                20.408822541123524                                20.000000000019945                                20.408822541123524
2                                                 0.6799999999999999                                20.000000000019377                                20.405133760177996                                20.000000000019377                                20.405133760177996
2                                                 0.69                                              20.000000000018847                                20.401543627737194                                20.000000000018847                                20.401543627737194
2                                                 0.7                                               20.00000000001835                                 20.398046447446937                                20.00000000001835                                 20.398046447446937
2                                                 0.71                                              20.0000000000179                                  20.39463964301175                                 20.0000000000179                                  20.39463964301175
2                                                 0.72                                              20.000000000017405                                20.391319524598014                                20.000000000017405                                20.391319524598014
2                                                 0.73                                              20.00000000001699                                 20.38808402312869                                 20.00000000001699                                 20.38808402312869
2                                                 0.74                                              20.000000000016563                                20.384929242567306                                20.000000000016563                                20.384929242567306
2                                                 0.75                                              20.00000000001613                                 20.381852462233216                                20.00000000001613                                 20.381852462233216
2                                                 0.76                                              20.000000000015742                                20.378850850286668                                20.000000000015742                                20.378850850286668
2                                                 0.77                                              20.000000000015394                                20.3759219245818                                  20.000000000015394                                20.3759219245818
2                                                 0.78                                              20.00000000001504                                 20.37306450022344                                 20.00000000001504                                 20.37306450022344
2                                                 0.79                                              20.0000000000147                                  20.3702744976336                                  20.0000000000147                                  20.3702744976336
2                                                 0.8                                               20.000000000014392                                20.367549251141316                                20.000000000014392                                20.367549251141316
2                                                 0.8099999999999999                                20.00000000001408                                 20.36488477420924                                 20.00000000001408                                 20.36488477420924
2                                                 0.82                                              20.00000000001381                                 20.362279690914153                                20.00000000001381                                 20.362279690914153
2                                                 0.83                                              20.000000000013546                                20.359732289599442                                20.000000000013546                                20.359732289599442
2                                                 0.84                                              20.000000000013266                                20.35723978308451                                 20.000000000013266                                20.35723978308451
2                                                 0.85                                              20.000000000013028                                20.354800453443268                                20.000000000013028                                20.354800453443268
2                                                 0.86                                              20.000000000012783                                20.352411797229053                                20.000000000012783                                20.352411797229053
2                                                 0.87                                              20.000000000012523                                20.350073837772484                                20.000000000012523                                20.350073837772484
2                                                 0.88                                              20.000000000012303                                20.347783692316305                                20.000000000012303                                20.347783692316305
2                                                 0.89                                              20.000000000012125                                20.34553979916122                                 20.000000000012125                                20.34553979916122
2                                                 0.9                                               20.00000000001192                                 20.34334276585517                                 20.00000000001192                                 20.34334276585517
2                                                 0.91                                              20.00000000001172                                 20.341189542620764                                20.00000000001172                                 20.341189542620764
2                                                 0.92                                              20.00000000001155                                 20.339078404278467                                20.00000000001155                                 20.339078404278467
2                                                 0.93                                              20.000000000011333                                20.337008384038274                                20.000000000011333                                20.337008384038274
2                                                 0.94                                              20.000000000011152                                20.33497717523112                                 20.000000000011152                                20.33497717523112
2                                                 0.95                                              20.000000000010974                                20.332983679748317                                20.000000000010974                                20.332983679748317
2                                                 0.96                                              20.00000000001074                                 20.33102691424035                                 20.00000000001074                                 20.33102691424035
2                                                 0.97                                              20.00000000001059                                 20.32910637118301                                 20.00000000001059                                 20.32910637118301
2                                                 0.98                                              20.00000000001045                                 20.327221022641503                                20.00000000001045                                 20.327221022641503
2                                                 0.99                                              20.000000000010225                                20.32536956242443                                 20.000000000010225                                20.32536956242443
2                                                 1                                                 20.00000000001008                                 20.32355117787889                                 20.00000000001008                                 20.32355117787889
